2000 01 10 21 41 27.36 38.76144 -122.91761 5.597 4.33 21076620
2000 01 11 14 19 52.22 38.76808 -122.91872 5.312 4.59 21076750
2000 01 16 01 51 32.58 40.45423 -125.74516 5.413 4.31 21077821
2000 01 18 23 26 01.56 38.74988 -122.91869 6.627 4.20 21078341
2000 03 04 16 13 22.64 37.85795 -118.18767 0.843 4.20 21085327
2000 03 16 15 19 56.81 40.39481 -125.13196 1.603 5.70 21086915
2000 03 28 15 16 15.84 36.00106 -117.87400 0.712 4.10 21088915
2000 05 08 09 12 34.74 40.31840 -124.69285 5.781 4.50 21096137
2000 05 17 22 32 07.76 39.39590 -123.06835 3.504 4.39 21098249
2000 08 13 18 17 48.86 40.36715 -124.46740 18.361 4.10 21119756
2000 09 03 08 36 30.22 38.37731 -122.40205 8.226 4.90 21123384
2000 09 22 10 50 27.53 40.85300 -124.44982 17.184 4.38 21126486
2000 09 26 07 20 29.69 38.65206 -119.54576 4.949 4.40 21127030
2000 11 19 12 54 50.84 40.43068 -119.56282 6.092 4.00 21134837
2000 12 02 15 34 16.32 39.37545 -120.45511 6.610 4.40 21136858
2000 12 08 07 41 11.57 38.78456 -122.76928 1.627 4.37 21137862
2000 12 20 23 22 54.69 40.98559 -121.68782 13.171 4.30 21139826
2000 12 20 23 39 15.00 40.99261 -121.68018 13.615 4.40 21139833
2000 12 27 13 15 11.18 40.46475 -124.46040 29.411 4.10 21140955
2001 01 11 18 10 40.82 40.63672 -124.17195 22.816 4.20 21143130
2001 01 13 13 08 42.18 40.75382 -125.23866 2.206 5.40 21143281
2001 02 02 23 03 11.64 39.73921 -122.83843 4.345 4.20 21145960
2001 02 11 23 04 06.70 36.79768 -121.50972 6.319 4.01 21147372
2001 02 25 23 18 22.60 37.33240 -121.69727 6.994 4.40 21149422
2001 03 11 10 11 07.71 39.49681 -122.94508 11.248 4.10 21152690
2001 04 14 14 51 22.46 35.98297 -118.32779 7.070 4.03 21158194
2001 04 20 05 19 52.39 40.68882 -125.28935 7.529 4.30 21159189
2001 05 02 04 55 53.94 40.32881 -124.69306 15.071 4.09 21161575
2001 05 17 21 53 45.39 35.79375 -118.03732 11.466 4.00 21164778
2001 05 17 22 56 45.64 35.79034 -118.03955 11.602 4.20 21164793
2001 07 02 17 33 53.89 36.69627 -121.33332 4.529 4.10 30223107
2001 07 03 19 02 50.92 36.69526 -121.33115 5.601 4.10 21209319
2001 07 03 19 07 16.44 36.69026 -121.32492 4.439 4.00 30223942
2001 07 14 17 30 28.88 36.02722 -117.86898 7.474 4.17 21181235
2001 07 17 12 07 25.98 36.01053 -117.86729 6.474 5.20 21181820
2001 07 17 12 59 59.19 36.00994 -117.86401 6.033 4.90 30223141
2001 07 20 12 53 07.36 35.99019 -117.87334 6.728 4.14 21182540
2001 07 28 01 09 29.03 36.04421 -117.85217 5.666 4.03 21184819
2001 08 01 03 05 15.37 35.97252 -117.86748 0.800 4.01 21185903
2001 08 10 20 19 27.36 39.83523 -120.63503 15.780 5.20 21188442
2001 08 11 12 01 31.66 39.82705 -120.62645 15.992 4.02 21188615
2001 08 26 05 03 02.51 36.81277 -121.52981 5.983 4.00 21191274
2001 09 20 08 02 23.48 40.40895 -125.47466 20.059 4.65 21194739
2001 12 07 14 29 08.64 39.04606 -123.12481 5.622 4.20 21205837
2001 12 14 09 41 05.98 39.04655 -123.11923 5.524 4.30 21205975
2001 12 28 21 14 02.20 36.64810 -121.25265 5.943 4.60 21207275
2002 04 29 00 43 29.93 40.60969 -124.43322 28.221 4.60 21223451
2002 05 04 13 56 33.60 40.31506 -124.52345 7.714 4.40 21224315
2002 05 14 05 00 29.70 36.96838 -121.59766 5.799 4.90 21254601
2002 06 17 16 55 07.83 40.80892 -124.55077 20.086 5.20 21231051
2002 11 12 16 48 25.26 35.97243 -120.52531 7.696 4.10 21254383
2003 01 07 22 29 27.12 36.80476 -121.39075 7.270 4.30 21262721
2003 01 08 05 43 45.07 40.38066 -125.04735 6.804 4.60 21262804
2003 01 25 09 11 02.53 35.32617 -118.66426 6.683 4.15 21264979
2003 01 25 09 16 09.85 35.31201 -118.65713 7.422 4.37 21264981
2003 02 02 18 22 58.74 37.73369 -121.93439 13.872 4.00 21266207
2003 02 02 18 47 39.22 37.73745 -121.94060 14.400 4.00 30225375
2003 03 08 15 35 01.90 37.57699 -118.88135 6.050 4.00 21270208
2003 04 22 10 46 09.63 40.58696 -124.07155 27.487 4.30 21276828
2003 05 20 16 50 41.99 38.80315 -122.81728 0.871 4.05 30225804
2003 05 25 07 09 33.83 38.45732 -122.70223 2.813 4.12 30225889
2003 07 04 20 52 57.77 40.31756 -124.56494 21.336 4.30 21291019
2003 07 30 04 50 06.42 38.67883 -122.91157 3.687 4.00 30226086
2003 08 03 12 00 53.06 38.79835 -122.77280 1.511 4.09 30226108
2003 08 15 09 22 15.75 40.96455 -125.35453 7.786 5.00 21299771
2003 08 26 02 29 55.78 40.43328 -124.63702 20.535 4.40 21302742
2003 09 05 01 39 53.92 37.84517 -122.22273 9.681 4.00 21305648
2003 09 10 21 19 24.48 40.47449 -125.64477 5.040 4.20 21306673
2003 10 03 16 56 34.98 38.84097 -122.81378 1.486 4.13 30226367
2003 10 09 06 11 35.32 41.04610 -125.09160 5.041 4.50 21311731
2003 11 15 21 19 36.50 38.23269 -117.86874 9.190 4.01 30226573
2003 12 22 19 15 56.25 35.70123 -121.09682 7.878 6.50 21323712
2003 12 22 19 26 07.17 35.64698 -121.03862 5.702 4.73 21323713
2003 12 22 19 28 45.81 35.63212 -120.98047 2.502 4.20 21323714
2003 12 22 19 31 05.21 35.53850 -120.83292 4.874 4.02 68005767
2003 12 22 20 06 14.73 35.68855 -121.10038 6.729 4.14 30500281
2003 12 22 20 41 09.96 35.58603 -120.88521 3.936 4.28 30500441
2003 12 22 21 31 36.50 35.71211 -121.06049 5.554 4.20 30500293
2003 12 22 23 52 36.72 35.54158 -120.87964 2.079 4.10 30226891
2003 12 23 02 06 55.51 35.68609 -121.10154 6.570 4.10 30500512
2003 12 23 03 46 01.06 35.69656 -121.12132 6.346 4.30 21324210
2003 12 23 05 30 19.46 35.66426 -121.09803 5.219 4.10 30226902
2003 12 23 09 41 49.26 35.52822 -120.91610 2.785 4.07 68006297
2003 12 23 18 17 11.29 35.64588 -121.04597 5.412 4.70 21324051
2003 12 25 05 21 59.37 35.64988 -121.08627 3.793 4.00 30500583
2003 12 25 11 50 01.87 35.54282 -120.84066 6.549 4.44 21325884
2004 01 02 10 47 40.31 35.69940 -121.14372 6.640 4.14 30226905
2004 02 18 20 37 46.56 38.83607 -122.77402 1.327 4.58 21344222
2004 03 16 06 38 32.92 36.80441 -121.51256 4.214 4.25 21350824
2004 03 17 23 53 07.47 35.72748 -121.07580 5.594 4.51 21351360
2004 06 03 08 54 46.35 39.33653 -120.00903 6.874 4.20 21368407
2004 08 07 07 32 07.62 40.32090 -124.57180 19.852 4.10 21386701
2004 09 18 07 08 00.11 38.01202 -118.67396 3.599 4.11 21396039
2004 09 18 23 02 17.80 38.01254 -118.69173 3.347 5.40 21396205
2004 09 18 23 43 41.53 38.02267 -118.66007 3.488 5.35 30500748
2004 09 18 23 47 58.65 38.02617 -118.64757 6.499 4.10 21396218
2004 09 20 16 51 05.09 38.03032 -118.65276 3.257 4.67 21397068
2004 09 28 17 15 24.26 35.81780 -120.36638 8.166 5.97 30228270
2004 09 28 17 19 06.84 35.85706 -120.40455 9.042 4.15 30228271
2004 09 28 17 19 23.96 35.84409 -120.39700 8.764 4.12 21400459
2004 09 28 17 24 15.36 35.80130 -120.34755 6.102 4.71 21400461
2004 09 28 19 31 27.92 35.83924 -120.38589 8.847 4.03 21400474
2004 09 29 17 10 04.18 35.95463 -120.50224 10.837 5.00 21401069
2004 09 29 22 54 53.92 35.38449 -118.62762 9.252 5.00 21400816
2004 09 30 18 54 28.88 35.98683 -120.53695 10.258 4.88 21401170
2004 10 02 12 22 09.17 35.54411 -120.81090 5.346 4.06 21402583
2004 10 09 03 45 48.96 37.98067 -118.65791 7.336 4.52 21405798
2004 11 24 02 06 04.80 36.60617 -121.20949 6.108 4.35 21422178
2004 11 29 01 54 14.62 35.94629 -120.49412 10.414 4.17 21423530
2004 12 05 01 48 04.74 40.73568 -123.81202 28.629 4.30 21425113
2004 12 12 09 13 33.62 40.70261 -123.86072 27.862 4.42 21426829
2004 12 27 10 36 23.06 38.75425 -122.73438 2.603 4.31 21430438
2005 02 05 18 43 30.53 37.39249 -121.48671 8.642 4.18 21437727
2005 03 13 22 09 12.85 37.45172 -118.84138 7.660 4.00 21445149
2005 03 17 23 21 30.32 40.75061 -124.45307 21.310 4.08 21446031
2005 03 18 07 23 58.74 40.35832 -124.90105 12.053 4.85 21446135
2005 05 08 08 43 55.55 38.37138 -122.13777 5.570 4.14 21455182
2005 05 09 22 37 39.44 38.78636 -122.76188 1.301 4.33 21455621
2005 05 10 20 21 10.64 40.94833 -121.74410 14.217 4.43 21455783
2005 05 16 07 24 37.59 35.92861 -120.47476 9.572 4.48 21456837
2005 05 23 19 59 58.86 35.67328 -121.08541 5.840 4.07 21458268
2005 06 15 07 14 33.95 40.29000 -124.37393 2.415 4.69 21462429
2005 06 16 02 30 27.39 40.41927 -125.23623 1.334 4.20 21462676
2005 06 26 18 45 57.64 39.31379 -120.06510 9.718 4.77 21465580
2005 08 25 02 27 44.21 40.47651 -124.31475 28.179 4.11 21479484
2005 09 05 02 12 18.53 40.45792 -125.66687 19.926 4.05 21481621
2005 09 16 15 09 45.32 39.06666 -119.64032 9.351 4.15 21483732
2005 10 02 13 48 09.48 35.64528 -121.09011 3.903 4.00 21487037
2005 10 19 00 05 12.42 38.83660 -122.88707 2.068 4.14 21490245
2005 12 23 16 57 29.95 40.41192 -125.22340 7.739 4.25 21500608
2005 12 23 21 38 33.02 40.41596 -125.31798 2.797 4.63 21500628
2006 02 16 17 47 59.93 37.98018 -118.77487 9.604 4.10 21506332
2006 03 26 01 56 38.31 40.28445 -124.38863 22.786 4.52 21510606
2006 04 01 12 25 59.93 36.51932 -121.09092 1.478 4.34 21511291
2006 04 07 01 06 55.05 35.72478 -121.09383 7.205 4.20 21511951
2006 05 12 10 37 29.48 38.81833 -122.81933 3.767 4.71 21516950
2006 05 12 10 38 35.85 38.83778 -122.84018 2.909 4.15 30230549
2006 06 15 12 24 51.20 37.10121 -121.49012 3.079 4.30 21522424
2006 07 19 11 41 43.75 40.29667 -124.41209 21.245 5.00 21527987
2006 08 03 03 08 13.16 38.37336 -122.58199 7.784 4.50 21530368
2006 10 20 17 00 08.18 38.87335 -122.79797 1.792 4.56 21543835
2006 11 09 08 38 13.69 39.35829 -123.28269 5.126 4.10 21547350
2006 12 16 06 14 05.58 36.17322 -120.28310 9.669 4.20 51176849
2006 12 17 15 13 39.86 40.41780 -125.09336 1.050 4.30 51176911
2007 01 24 13 42 52.95 40.31781 -124.56552 20.247 4.40 51178004
2007 02 26 12 19 54.53 40.64181 -124.94307 4.483 5.40 40193932
2007 03 01 12 27 43.20 35.39404 -117.82387 11.919 4.11 40194021
2007 03 02 04 40 01.08 37.90223 -122.10500 14.292 4.23 40194055
2007 03 06 19 43 41.01 35.91265 -118.00234 13.095 4.15 40194231
2007 03 09 03 17 32.18 38.42988 -119.35909 8.695 4.70 51179422
2007 03 30 09 09 35.56 36.03409 -117.77010 4.405 4.10 40195140
2007 04 05 22 54 30.09 40.31539 -124.56949 18.939 4.17 40195359
2007 04 07 23 55 04.31 40.60450 -124.75329 19.277 4.19 40195415
2007 04 18 08 42 22.55 39.47438 -123.10777 4.565 4.79 40195779
2007 04 24 21 08 28.73 38.79384 -122.79609 1.427 4.46 51181154
2007 05 22 11 34 12.27 35.86421 -120.40948 9.000 4.01 51182151
2007 06 12 07 23 43.15 37.53766 -118.86617 9.803 4.60 51182810
2007 06 25 02 32 24.73 41.09875 -124.84399 4.461 5.00 51183469
2007 07 02 19 58 53.26 36.88293 -121.62014 7.543 4.20 51183708
2007 07 20 11 42 22.50 37.80635 -122.18693 4.144 4.20 40199209
2007 09 08 08 16 28.88 40.31485 -124.65278 15.809 4.40 40201477
2007 10 31 03 04 54.87 37.43150 -121.77485 8.594 5.45 40204628
2007 11 09 03 37 10.76 40.54000 -124.40249 24.016 4.10 40205250
2008 01 19 17 18 46.68 40.16350 -122.76159 10.631 4.50 51194914
2008 01 19 23 13 05.42 40.14443 -122.75981 11.308 4.70 51194936
2008 04 10 14 17 35.14 40.45026 -125.62499 13.952 4.00 40214944
2008 04 21 22 00 53.79 40.78488 -124.20877 22.903 4.20 40215734
2008 04 24 22 55 49.33 39.52687 -119.91629 3.066 4.30 40215981
2008 04 26 06 40 11.03 39.51996 -119.91602 2.337 5.13 40216182
2008 04 28 11 33 18.58 39.53241 -119.91700 2.709 4.10 40216501
2008 04 30 03 03 06.80 40.83837 -123.48031 31.342 5.40 40216664
2008 05 01 08 11 42.85 35.47407 -118.42530 8.127 4.10 40216743
2008 05 13 04 07 39.78 40.80742 -125.35167 8.704 4.30 51202589
2008 05 30 04 48 36.33 38.77738 -122.76999 1.031 4.14 40218402
2008 06 08 17 55 19.62 39.54953 -119.90587 3.455 4.00 51204012
2008 07 30 13 39 34.14 40.41023 -125.30833 14.235 4.20 40221369
2008 08 17 05 56 59.31 41.18814 -124.22199 17.346 4.60 51207076
2008 09 06 04 00 15.65 37.86081 -122.00107 13.207 4.10 51207740
2008 10 26 09 27 22.02 40.32587 -124.64487 19.452 4.90 71011617
2008 11 13 05 03 54.03 40.42441 -125.29428 20.553 4.00 51211113
2008 11 16 05 43 15.77 40.31962 -124.58652 19.786 4.60 51211307
2008 12 21 17 35 36.80 36.67559 -121.30065 6.659 4.00 51213534
2008 12 26 12 19 40.10 39.96440 -120.86711 0.768 4.50 51213957
2009 01 04 17 27 10.61 38.78522 -122.77519 4.172 4.27 51214595
2009 01 31 21 09 22.16 35.41115 -117.77573 14.548 4.33 40231101
2009 03 30 17 40 29.37 37.27872 -121.61939 3.412 4.30 40234037
2009 05 03 17 54 05.27 40.74840 -124.16037 22.708 4.17 51220943
2009 06 20 12 32 48.06 35.64175 -120.95420 5.855 4.39 40238431
2009 08 07 10 49 34.92 40.31235 -124.62054 17.257 4.92 71261376
2009 08 30 07 05 57.60 36.38701 -117.86312 0.034 4.06 71273371
2009 10 03 01 10 26.15 36.38364 -117.88332 4.831 4.47 71027534
2009 10 03 01 15 59.59 36.40819 -117.84800 0.633 5.13 71291961
2009 10 03 01 31 43.68 36.40421 -117.84964 1.344 4.05 71027629
2009 10 03 01 47 54.98 36.39741 -117.84856 0.232 4.03 71292031
2009 10 03 05 31 57.25 36.39038 -117.86662 0.084 4.38 71292271
2009 10 03 11 37 10.92 36.38811 -117.87105 0.104 4.16 71292531
2009 10 06 18 06 34.30 36.41086 -117.83646 0.065 4.08 71295166
2009 10 09 04 25 04.63 36.38973 -117.86745 0.270 4.06 71296721
2009 11 04 02 16 56.14 40.46678 -125.66092 14.695 4.17 71304850
2010 01 04 14 24 54.49 40.27538 -123.86353 30.231 4.12 71330090
2010 01 07 18 09 35.28 37.47604 -121.79950 8.143 4.05 71336726
2010 01 10 00 27 39.23 40.65021 -124.68927 20.943 6.50 71338066
2010 01 10 02 21 39.47 40.60287 -124.75684 20.658 4.41 71338171
2010 01 10 06 32 17.70 40.31137 -124.56874 18.790 4.12 71338301
2010 01 15 08 23 27.28 36.03404 -117.83369 4.697 4.24 71340636
2010 02 04 20 20 22.12 40.39052 -124.94073 21.293 5.88 71348851
2010 02 15 00 07 09.39 36.07121 -117.85864 6.152 4.09 71354001
2010 03 01 09 06 03.12 36.06437 -117.86669 7.122 4.35 71356400
2010 03 06 08 46 24.10 40.31891 -124.70940 14.077 4.53 71359410
2010 10 31 01 02 06.20 38.63654 -119.56466 5.226 4.28 71481596
2011 01 08 00 10 16.74 37.28678 -121.66014 6.212 4.10 71506865
2011 01 12 08 51 03.85 36.77886 -121.48760 8.768 4.50 71508850
2011 01 22 17 29 24.60 38.57136 -118.34500 2.387 4.21 71513465
2011 02 23 04 49 41.81 39.50096 -122.95448 11.109 4.29 71527390
2011 02 23 04 50 14.40 39.49710 -122.94638 12.951 4.21 71048354
2011 03 01 02 19 47.14 38.81859 -122.81923 2.788 4.43 71530230
2011 03 06 13 46 38.11 40.42965 -125.30932 48.639 4.54 71538646
2011 04 11 00 20 17.08 38.36465 -118.74406 5.893 4.00 71555881
2011 04 11 00 21 16.58 38.36648 -118.74158 1.273 4.08 71555886
2011 04 13 22 10 08.67 38.37617 -118.75693 2.401 4.46 71557411
2011 04 13 22 15 22.66 38.37468 -118.75467 5.138 4.17 71557416
2011 04 13 22 16 08.34 38.37775 -118.75413 0.521 4.31 71557421
2011 04 17 00 45 37.33 38.39209 -118.73334 11.703 4.75 71559491
2011 04 17 00 55 46.48 38.36002 -118.73893 5.572 4.29 71559511
2011 04 27 19 19 20.39 38.42270 -118.69958 1.518 4.07 71566736
2011 05 03 21 41 49.34 36.39808 -117.87204 0.125 4.15 71564370
2011 08 14 19 27 06.27 41.02527 -125.18475 21.007 4.10 71619485
2011 08 24 11 59 51.39 37.54849 -118.87116 10.297 4.23 71625245
2011 08 27 07 18 21.39 36.58192 -121.17511 5.233 4.64 71627835
2011 10 01 07 07 00.92 38.88938 -118.77794 4.798 4.18 71656416
2011 10 15 11 42 30.01 37.90477 -118.56965 10.032 4.03 71664296
2011 10 27 06 37 09.56 39.60220 -120.46654 14.074 4.73 71671056
2011 12 08 05 19 12.11 40.44280 -125.61662 14.467 4.02 71693701
2012 01 17 09 55 00.49 40.52279 -124.77917 23.746 4.28 71718846
2012 02 13 04 47 12.79 38.79338 -122.74411 1.553 4.16 71729135
2012 02 25 05 17 15.15 40.28404 -124.36662 23.199 4.28 71741671
2012 05 05 09 23 23.13 38.79509 -122.76062 2.890 4.25 71776130
2012 06 23 03 51 57.83 39.32262 -119.98393 3.861 4.05 71805066
2012 07 08 12 05 48.44 39.47732 -123.80421 8.160 4.42 71812891
2012 08 06 07 35 49.23 35.95558 -120.50013 11.074 4.45 71827401
2012 09 07 13 23 48.81 36.12347 -120.05772 7.126 4.06 71839170
2012 09 14 11 53 17.58 40.45074 -124.17783 27.400 4.43 71842075
2012 09 25 15 15 10.01 39.17791 -123.16292 7.194 4.51 71847715
2012 10 21 06 55 09.56 36.31298 -120.85813 8.770 5.29 71863625
2013 01 24 23 25 51.76 38.55119 -119.62603 6.252 4.00 71928201
2013 02 28 15 29 25.55 38.04448 -118.07869 3.141 4.18 71945805
2013 03 03 17 46 51.42 40.31719 -124.67247 15.211 4.18 71947725
2013 03 14 09 09 23.37 38.81914 -122.78520 2.383 4.44 71954065
2013 05 18 13 46 09.08 40.31508 -124.43044 23.610 4.28 71993641
2013 05 24 03 47 08.21 40.20364 -121.05306 9.791 5.69 71996906
2013 05 24 03 48 56.73 40.18364 -121.06478 0.007 4.20 71071964
2013 05 24 03 50 27.99 40.19455 -121.05571 3.269 4.21 71071969
2013 05 24 08 02 19.49 40.19319 -121.06604 4.385 4.86 71997821
2013 12 17 13 28 01.96 40.69411 -124.51010 19.178 4.11 72125816
2013 12 24 10 28 50.05 40.51127 -124.82677 11.812 4.30 72129596
2014 01 02 06 23 09.77 40.29409 -124.45513 21.668 4.02 72134626
2014 01 12 20 24 46.73 38.81661 -122.81596 2.815 4.53 72141176
2014 02 06 19 42 21.24 35.53395 -121.25610 2.824 4.13 72157621
2014 02 27 18 52 30.42 35.87193 -121.48028 10.675 4.06 72176091
2014 03 14 16 32 35.48 40.34062 -124.60365 22.166 4.00 72185141
2014 04 19 12 15 12.89 35.46803 -118.52572 8.184 4.00 72201895
2014 05 30 07 48 33.13 38.40929 -119.36052 4.383 4.02 72229261
2014 06 02 23 54 19.81 40.35429 -124.41106 19.566 4.14 72231201
2014 08 24 10 20 44.15 38.20666 -122.29787 8.919 6.02 72282711
2014 09 28 20 45 13.21 36.62420 -120.83502 7.611 4.43 72316031
2014 10 19 14 24 04.59 40.28569 -124.37052 23.312 4.24 72330211
2014 11 20 06 26 49.37 36.81043 -121.52619 6.272 4.23 72350156
2015 01 14 10 44 35.49 40.32018 -124.60220 20.541 4.28 72381011
2015 01 20 13 21 37.01 36.43610 -120.97026 9.142 4.43 72383481
2015 01 28 21 08 54.48 40.31904 -124.55994 20.244 5.72 72387946
2015 01 29 19 13 55.66 40.31074 -124.56536 20.117 4.25 72388626
2015 03 27 13 30 14.42 36.22678 -120.35882 10.003 4.11 72418390
2015 05 22 02 53 00.84 38.42862 -122.21909 7.632 4.09 72453246
2015 05 26 10 17 36.14 40.64592 -124.69293 19.884 4.34 72455721
2015 08 17 13 49 17.32 37.84230 -122.22450 4.572 4.01 72507396
2015 12 23 06 46 08.35 39.43369 -119.78824 5.118 4.35 72570886
2016 01 02 05 11 46.58 40.30845 -124.68718 14.690 4.44 72572665
2016 01 07 05 49 52.39 40.27767 -124.35610 17.544 4.31 72574495
2016 02 16 23 04 27.01 37.20613 -118.40582 15.733 4.74 72592670
2016 02 16 23 27 31.14 37.20640 -118.40112 15.883 4.27 72592705
2016 07 19 21 38 38.91 36.69370 -121.32940 5.351 4.22 72663506
2016 07 21 23 09 05.87 40.71695 -123.89004 25.973 4.81 72664436
2016 08 04 04 55 34.88 40.15293 -120.21366 6.875 4.45 72670060
2016 08 10 02 57 17.57 39.33879 -122.80523 11.393 5.09 72672610
2016 08 28 21 20 52.19 40.43811 -123.40233 35.928 4.49 72686711
2016 10 27 06 37 23.77 40.36250 -124.53790 26.316 4.11 72716540
2016 11 06 13 00 46.30 39.65904 -123.62483 0.101 4.06 72721105
2016 12 05 18 33 15.64 40.28997 -124.38269 22.756 4.35 72733405
2016 12 14 16 41 05.43 38.82090 -122.84637 3.007 5.01 72737985
2016 12 28 08 18 00.89 38.37172 -118.89867 10.016 5.64 72744480
2016 12 28 08 22 12.62 38.37443 -118.89813 7.025 5.79 72744490
2016 12 28 09 13 47.31 38.36178 -118.89038 2.443 5.59 72744640
2017 02 21 00 57 52.65 38.79570 -122.73326 2.841 4.16 72766046
2017 03 31 10 55 53.76 36.88790 -121.61061 4.684 4.00 72782971
2017 06 24 21 22 03.19 40.29154 -124.29943 9.308 4.03 72820761
2017 10 10 00 53 18.23 37.30879 -121.68090 7.946 4.09 72906781
2017 11 13 19 31 29.06 36.62990 -121.24055 6.506 4.58 72923380
2017 12 14 04 57 18.62 39.61087 -123.64961 6.874 4.26 72939656
2018 01 04 10 39 37.69 37.86119 -122.24233 12.101 4.38 72948801
2018 01 18 05 55 12.05 38.78710 -122.74535 2.303 4.28 72955520
2018 03 22 16 24 49.56 40.74892 -124.39061 24.487 4.42 72988726
2018 03 23 03 09 39.14 40.43840 -124.51157 25.079 4.66 72988926
2018 05 10 02 58 30.66 38.80121 -122.81371 5.238 4.19 73014276
2018 11 02 12 58 54.25 36.68152 -121.30714 6.084 4.11 73105276
2018 11 27 13 07 13.03 36.07631 -120.19534 9.762 4.00 73116386
2019 01 15 20 20 20.24 40.32714 -124.44114 7.603 4.08 73133256
2019 02 06 18 23 01.63 40.84633 -123.83944 25.831 4.39 73138600
2019 04 15 11 54 03.15 38.81528 -122.79632 2.524 4.12 73166265
2019 04 29 07 16 08.47 39.34681 -123.23863 8.243 4.32 73173775
2019 06 11 07 46 25.27 38.82246 -122.83171 4.007 4.07 73195396
2019 06 23 03 53 03.13 40.28624 -124.29402 9.307 5.58 73201181
2019 07 06 03 42 00.87 36.96279 -118.53773 1.362 4.33 73208516
2019 07 06 04 37 11.05 36.94492 -118.31532 0.008 4.99 73208686
2019 07 16 20 11 01.73 37.81075 -121.76766 10.135 4.31 73225421
2019 10 15 05 33 43.12 37.94031 -122.06390 11.413 4.46 73291880
2019 10 15 19 42 30.51 36.64749 -121.26962 10.108 4.71 73292360
2019 11 03 20 34 57.04 38.77732 -122.76882 3.399 4.15 73300395
2019 12 17 18 29 21.05 35.80654 -120.35231 6.538 4.29 73315876
2020 02 01 18 36 54.31 37.59551 -118.81777 12.332 4.41 73334451
2020 03 18 22 08 21.11 40.34211 -124.43205 30.488 5.21 73355700
2020 03 25 11 57 38.11 38.79618 -122.76225 2.233 4.06 73358970
2020 04 05 19 20 46.20 37.52974 -118.84982 11.028 4.05 73364330
2020 04 11 14 36 37.07 38.05110 -118.73525 8.646 5.24 73367270
2020 04 11 16 22 50.90 38.03996 -118.76642 8.007 4.55 73367575
2020 04 21 05 13 31.28 38.04406 -118.75539 6.989 4.01 73374265
2020 05 31 01 07 15.79 38.04345 -118.75952 8.060 4.34 73399446
2020 08 19 00 55 23.25 39.36173 -123.24959 8.566 4.22 73446356
2020 12 06 15 03 33.20 39.03995 -123.06962 3.611 4.39 73494405
2021 01 02 14 42 23.82 36.60527 -121.20852 5.677 4.32 73506045
2021 01 17 04 01 27.24 36.87522 -121.60727 6.948 4.20 73512355
2021 05 07 04 35 14.26 39.46146 -120.30998 10.268 4.63 73559265
2021 05 28 15 25 21.89 39.12446 -120.02686 6.994 4.15 73566711
2021 07 08 22 49 48.41 38.51039 -119.49073 8.431 6.00 73584926
2021 07 08 22 59 45.61 38.51951 -119.49575 7.153 4.31 73584936
2021 07 08 23 33 41.15 38.48123 -119.54051 1.475 4.63 73585021
2021 07 08 23 58 53.85 38.53685 -119.51347 6.971 4.24 73585086
2021 07 09 00 27 46.71 38.47981 -119.50963 4.845 4.41 73585141
2021 07 09 01 46 00.71 38.51017 -119.52079 8.340 4.55 73585291
2021 07 09 05 04 18.64 38.53178 -119.49623 7.247 4.06 73585526
2021 07 09 05 10 35.93 38.54378 -119.51443 5.924 4.34 73585531
2021 07 18 06 46 12.86 40.31943 -124.42041 31.201 5.12 73594531
2021 08 27 04 47 45.10 38.56713 -119.41943 0.313 4.37 73615986
2021 08 31 16 09 56.56 36.57723 -121.17708 9.611 4.05 73618401
2021 10 25 23 42 35.93 35.77380 -121.29607 7.698 4.65 73644630
2021 11 03 00 24 51.41 40.36237 -124.25876 30.040 4.38 73648040
2021 11 04 00 24 34.27 39.89392 -123.42608 7.244 4.08 73648540
2022 01 06 00 28 07.13 37.34304 -117.90158 9.267 4.75 73674211
2022 03 13 20 51 32.22 36.58715 -121.18312 5.777 4.12 73705146
2022 04 04 15 16 46.38 40.48283 -124.20171 21.381 4.07 73714181
2022 06 02 12 07 22.13 38.08984 -121.97846 16.963 4.14 73740051
2022 06 28 11 57 40.74 38.82941 -122.75007 1.572 4.19 73752031
2022 07 23 01 41 04.51 39.46650 -121.48383 2.271 4.24 73761796
2022 08 08 20 44 14.50 38.58082 -119.44106 5.320 4.45 73765585
2022 09 01 13 36 22.06 36.55176 -121.10162 1.582 4.00 73774300
2022 09 14 01 39 38.81 38.47530 -122.71021 5.041 4.39 73781306
2022 09 14 01 40 20.65 38.47693 -122.71386 4.404 4.29 71129069
2022 10 20 07 55 16.82 40.34641 -123.51316 33.203 4.32 73796766
2022 10 23 18 16 23.11 40.57617 -124.13917 28.307 4.10 73798306
2022 10 25 18 42 02.70 37.30983 -121.68157 7.196 5.06 73799091
2022 12 24 19 33 44.24 40.55027 -124.00677 21.833 4.16 73824236
2023 01 01 18 35 04.57 40.40741 -123.96786 30.670 5.35 73827571
2023 04 04 22 23 17.68 36.80379 -121.30449 9.814 4.41 73866925
2023 04 12 05 39 51.79 38.83706 -122.80817 2.840 4.43 73871215
2023 05 11 23 19 42.04 40.21209 -121.11338 5.786 5.48 73886731
2023 05 12 10 18 41.36 40.20356 -121.10290 5.962 5.16 73887046
2023 05 26 11 26 25.08 40.23844 -121.13327 6.700 4.13 73890170
2023 06 02 00 23 05.78 39.61673 -119.96797 5.315 4.12 73895196
2023 06 03 12 01 18.99 38.79454 -122.77930 4.433 4.45 73895826
2023 06 03 12 01 28.39 38.79570 -122.79685 1.931 4.17 71130559
2023 06 18 03 44 59.10 39.09356 -123.08718 10.023 4.35 73902356
2023 08 10 19 17 18.38 35.93710 -120.48346 10.098 4.28 73922596
2023 08 17 21 08 01.05 40.31551 -124.22374 32.174 4.07 73925281
2023 09 08 17 24 38.37 40.95305 -121.55996 15.622 4.99 73934641
2023 09 19 04 13 10.36 37.43781 -121.28886 3.767 4.53 73938736
2023 10 01 15 41 29.67 40.29990 -124.28362 9.486 4.09 73944166
2023 10 16 10 20 49.87 40.31567 -124.04958 31.426 4.83 73947830
2023 10 28 05 40 18.89 38.56017 -119.49621 5.754 4.24 73952605
2024 01 26 21 28 13.63 38.79426 -122.75881 3.125 4.18 73994586
2024 02 10 07 20 19.17 40.28181 -124.52573 9.183 4.11 74000441
